58 53 20 82 104 90 56 69 130 59
143 71 134 83 74 48 65 37 59 142
37 78 79 94 69 74 64 73 50 59
80 113 53 78 87 50 34 49 69 86
30 55 45 85 54 113 76 79 39 61
57 153 30 149 105 33 87 50 46 93
88 26 51 32 66 49 27 62 104 58
37 42 128 35 81 47 35 24 102 24
67 116 60 52 40 55 81 62 60 82
62 41 37 68 55 43 29 44 71 91
86 99 91 79 32 34 54 39 54 50
89 53 44 85 46 46 51 33 92 61
201 32 23 53 87 50 125 62 45 56
79 44 75 61 40 110 35 62 48 51
88 44 83 69 63 30 52 51 232 41
65 46 70 90 26 88 50 24 38 92
55 44 32 82 60 83 27 61 54 60
98 124 40 30 45 104 39 40 43 60
70 52 91 46 188 71 35 36 56 47
98 71 60 78 60 29 89 28 49 115
